A	B	C	D	E	F	G	H	I	J	K	L0	L1	L2	L3	L4	L5	M	N	O	P	Q	R	S	T	U	V	W	X	Y	Z
Algeria	0	0	0	0	0	0	0	0.433333333333333	0	0.0666666666666667	0	0	0	0.0333333333333333	0.0333333333333333	0	0	0	0	0	0	0	0.0333333333333333	0	0	0.4	0	0	0	0	0
Argentina	0.112903225806452	0.00537634408602151	0.158602150537634	0.0510752688172043	0.00537634408602151	0.00268817204301075	0	0.379032258064516	0.00806451612903226	0.0591397849462366	0.043010752688172	0.00268817204301075	0.010752688172043	0.00806451612903226	0.00806451612903226	0	0	0.010752688172043	0.00268817204301075	0	0	0	0.00268817204301075	0	0.0376344086021505	0.0833333333333333	0.00537634408602151	0	0.00268817204301075	0	0
Armenia	0	0	0.00518134715025907	0	0	0.0103626943005181	0	0.440414507772021	0.00518134715025907	0.145077720207254	0.0414507772020725	0	0	0	0	0	0	0.00518134715025907	0.0155440414507772	0.00518134715025907	0	0	0.0414507772020725	0	0.113989637305699	0.145077720207254	0.00518134715025907	0.0155440414507772	0.00518134715025907	0	0
Australia	0	0	0	0	0	0.02	0	0.6	0.02	0.02	0.04	0	0	0	0	0	0	0	0.06	0.06	0.08	0	0.02	0.02	0	0.06	0	0	0	0	0
Benin	0	0.00666666666666667	0	0.00666666666666667	0.02	0	0.00666666666666667	0.253333333333333	0	0	0	0.0533333333333333	0.106666666666667	0.233333333333333	0.173333333333333	0.00666666666666667	0	0	0	0	0.02	0	0.0733333333333333	0	0	0.0333333333333333	0	0.00666666666666667	0	0	0
Brazil	0.106918238993711	0.0364779874213836	0.0830188679245283	0.0226415094339623	0.00754716981132075	0.00754716981132075	0	0.383647798742138	0.00125786163522013	0.0125786163522013	0.020125786163522	0.0276729559748428	0.0716981132075472	0.0691823899371069	0.0415094339622641	0	0	0.00251572327044025	0.0050314465408805	0	0.00125786163522013	0	0.0452830188679245	0	0.020125786163522	0.030188679245283	0.00251572327044025	0.00125786163522013	0	0	0
Cambodia	0.00187793427230047	0.336150234741784	0.00657276995305164	0.0187793427230047	0	0.141784037558685	0	0.190610328638498	0	0.00187793427230047	0	0	0	0	0	0	0	0.132394366197183	0.031924882629108	0	0.00938967136150235	0	0.11830985915493	0	0.000938967136150235	0.00845070422535211	0.000938967136150235	0	0	0	0
CanadaNWTerritoriesNunavut	0.873684210526316	0	0	0.126315789473684	0	0	0	0	0	0	0	0	0	0	0	0	0	0	0	0	0	0	0	0	0	0	0	0	0	0	0
CentralAfricanRepublic	0	0	0	0	0	0	0	0.0277777777777778	0	0	0	0.111111111111111	0.861111111111111	0	0	0	0	0	0	0	0	0	0	0	0	0	0	0	0	0	0
Chad	0	0	0	0	0	0	0	0.174757281553398	0	0	0.00970873786407767	0.12621359223301	0.058252427184466	0.242718446601942	0.242718446601942	0.00970873786407767	0.0388349514563107	0.00970873786407767	0.0194174757281553	0	0.00970873786407767	0	0.058252427184466	0	0	0	0	0	0	0	0
ChinaGuangdong	0.0368098159509202	0.184049079754601	0.0224948875255624	0.0674846625766871	0.0429447852760736	0.124744376278119	0.0224948875255624	0.274028629856851	0	0	0	0	0	0	0.00204498977505112	0	0	0.106339468302658	0.0184049079754601	0	0.0102249488752556	0	0.0470347648261759	0	0	0.0204498977505112	0.00204498977505112	0	0	0.00204498977505112	0.016359918200409
ChinaGuangxi	0.0112359550561798	0.0966292134831461	0.0292134831460674	0.0292134831460674	0	0.184269662921348	0	0.287640449438202	0	0	0.00674157303370787	0	0	0	0	0.00449438202247191	0	0.168539325842697	0.0247191011235955	0	0	0	0.130337078651685	0	0	0.00674157303370787	0.00449438202247191	0	0	0.00449438202247191	0.0112359550561798
ChinaHarbin	0.0833333333333333	0.0333333333333333	0.0833333333333333	0.0666666666666667	0	0.0833333333333333	0	0.366666666666667	0	0	0	0	0	0	0	0	0	0.1	0.0166666666666667	0	0	0	0.0833333333333333	0	0	0.0333333333333333	0	0	0	0.0166666666666667	0.0333333333333333
ChinaHubei	0.166666666666667	0.0952380952380952	0.0238095238095238	0.0238095238095238	0	0.0714285714285714	0.0238095238095238	0.357142857142857	0	0	0	0	0	0	0	0	0	0.0476190476190476	0.0476190476190476	0	0	0	0.0714285714285714	0	0	0	0	0	0	0	0.0714285714285714
ChinaLiaoning	0.0625	0.105978260869565	0.0380434782608696	0.0896739130434783	0.00271739130434783	0.0625	0.0135869565217391	0.293478260869565	0	0	0.00271739130434783	0	0	0	0	0	0	0.111413043478261	0.0543478260869565	0	0.00815217391304348	0	0.0896739130434783	0	0.00543478260869565	0.0135869565217391	0.00543478260869565	0.00271739130434783	0	0.016304347826087	0.0217391304347826
ChinaShandong	0.04	0.088	0.008	0.08	0	0.096	0.024	0.344	0	0	0	0	0	0	0.008	0	0	0.112	0.04	0	0	0	0.072	0	0	0.032	0.008	0	0	0.032	0.016
ChinaSichuan	0.103535353535354	0.0227272727272727	0.0454545454545455	0.0782828282828283	0	0.0378787878787879	0.0126262626262626	0.411616161616162	0	0	0.0252525252525253	0	0	0	0.00505050505050505	0	0	0.118686868686869	0.0202020202020202	0	0.00252525252525253	0	0.0606060606060606	0	0	0.0328282828282828	0.00252525252525253	0	0	0.00252525252525253	0.0176767676767677
ChinaUyghur	0.0689655172413793	0.0689655172413793	0.0172413793103448	0.0517241379310345	0	0.0689655172413793	0.0172413793103448	0.344827586206897	0	0.0344827586206897	0	0	0	0	0	0	0	0.0689655172413793	0	0	0.0517241379310345	0	0.0344827586206897	0	0	0.137931034482759	0	0	0	0	0.0344827586206897
ChinaXinjiang	0.0517560073937153	0.0739371534195934	0.077634011090573	0.0591497227356747	0.00369685767097967	0.066543438077634	0.0314232902033272	0.351201478743068	0.00369685767097967	0.0536044362292052	0.0129390018484288	0	0.00184842883548983	0	0	0	0	0.044362292051756	0.0147874306839187	0	0.0055452865064695	0	0.0406654343807763	0	0.0295748613678373	0.0536044362292052	0	0.00369685767097967	0.00184842883548983	0.00369685767097967	0.0147874306839187
ChinaYunnan	0.0180995475113122	0.0723981900452489	0.0271493212669683	0.113122171945701	0	0.167420814479638	0.00452488687782805	0.321266968325792	0	0.0316742081447964	0	0	0	0	0	0	0	0.122171945701357	0.0135746606334842	0	0.0226244343891403	0	0.0588235294117647	0	0	0.0135746606334842	0	0	0	0	0.0135746606334842
Colombia	0.0425531914893617	0	0.0851063829787234	0.0425531914893617	0.0212765957446809	0	0	0.25531914893617	0	0.127659574468085	0	0.0425531914893617	0.0425531914893617	0.0851063829787234	0.0638297872340425	0	0	0.0212765957446809	0	0	0.0638297872340425	0	0.0851063829787234	0	0	0.0212765957446809	0	0	0	0	0
DemocraticRepublicoftheCongo	0	0	0	0	0	0	0	0.266666666666667	0	0	0	0.4	0	0.2	0	0	0.0666666666666667	0	0	0	0.0666666666666667	0	0	0	0	0	0	0	0	0	0
Denmark	0	0	0	0	0	0	0	0.7	0	0	0.2	0	0	0	0	0	0	0	0	0	0	0	0	0	0.1	0	0	0	0	0	0
EastTimor	0	0.241042345276873	0	0	0.0358306188925081	0.0846905537459283	0	0.39413680781759	0	0.00325732899022801	0	0	0	0	0	0	0	0.0130293159609121	0	0	0.00651465798045603	0.149837133550489	0.0716612377850163	0	0	0	0	0	0	0	0
Egypt	0	0	0	0.018348623853211	0	0	0	0.36697247706422	0.00917431192660551	0.036697247706422	0.0458715596330275	0.00917431192660551	0.018348623853211	0.073394495412844	0.00917431192660551	0	0.0275229357798165	0.0275229357798165	0.0458715596330275	0	0	0	0.0917431192660551	0	0.155963302752294	0.055045871559633	0.00917431192660551	0	0	0	0
France	0	0	0	0	0	0	0	0.584905660377358	0	0.0754716981132075	0.0377358490566038	0	0	0	0	0	0	0	0	0	0	0	0	0	0.113207547169811	0.150943396226415	0.0377358490566038	0	0	0	0
FrenchGuiana	0	0.0352112676056338	0.0140845070422535	0	0	0	0	0.288732394366197	0	0	0	0.0422535211267606	0.26056338028169	0.176056338028169	0.0563380281690141	0	0	0	0	0	0.00704225352112676	0	0.105633802816901	0	0	0.0140845070422535	0	0	0	0	0
FrenchPolynesia	0	0.869565217391304	0	0	0	0	0	0	0	0	0	0	0	0	0	0	0	0	0	0	0	0.130434782608696	0	0	0	0	0	0	0	0	0
GeorgiaRussiaCaucasus	0.00871459694989107	0	0.00871459694989107	0.0130718954248366	0	0.0108932461873638	0.0108932461873638	0.517429193899782	0.00435729847494553	0.0675381263616558	0.0413943355119826	0	0	0	0.00544662309368192	0	0	0.00326797385620915	0.00871459694989107	0	0	0	0.0239651416122004	0	0.0773420479302832	0.175381263616558	0.00762527233115468	0.00762527233115468	0.00762527233115468	0	0
Germany	0	0	0.00401606425702811	0.00803212851405622	0	0.00401606425702811	0	0.42570281124498	0.0120481927710843	0.0803212851405622	0.108433734939759	0.00401606425702811	0.00401606425702811	0.00401606425702811	0	0	0	0.00401606425702811	0.00803212851405622	0	0.00401606425702811	0	0.0240963855421687	0	0.152610441767068	0.136546184738956	0.00803212851405622	0.00401606425702811	0.00401606425702811	0	0
Greece	0	0	0	0	0	0.0111111111111111	0	0.511111111111111	0	0.1	0.0388888888888889	0	0	0	0.00555555555555556	0	0	0.0111111111111111	0.0444444444444444	0	0.00555555555555556	0	0.0444444444444444	0.00555555555555556	0.116666666666667	0.0944444444444444	0	0.00555555555555556	0.00555555555555556	0	0
Greenland	0.956081081081081	0	0	0.0439189189189189	0	0	0	0	0	0	0	0	0	0	0	0	0	0	0	0	0	0	0	0	0	0	0	0	0	0	0
Guam	0	0.0227272727272727	0	0	0.772727272727273	0	0	0.181818181818182	0	0	0	0	0	0	0	0	0	0	0	0	0	0	0.0227272727272727	0	0	0	0	0	0	0	0
Hungary	0	0	0	0	0	0	0	0.833333333333333	0	0.0833333333333333	0	0	0	0	0	0	0	0	0	0	0	0	0	0	0	0.0833333333333333	0	0	0	0	0
Iceland	0	0.00181159420289855	0.00181159420289855	0	0	0	0.00181159420289855	0.449275362318841	0.0072463768115942	0.134057971014493	0.119565217391304	0	0	0	0	0	0	0.0036231884057971	0	0	0.00181159420289855	0	0.0235507246376812	0	0.125	0.11231884057971	0.016304347826087	0	0	0	0.00181159420289855
India	0.0127388535031847	0.0806794055201698	0.00424628450106157	0.0360934182590234	0.00212314225053079	0.00424628450106157	0	0.51380042462845	0	0.0212314225053079	0.00636942675159236	0	0.00212314225053079	0	0	0	0	0.165605095541401	0.00212314225053079	0	0.00212314225053079	0	0.0530785562632696	0	0.0127388535031847	0.0721868365180467	0	0	0	0	0.00849256900212314
IndonesiaBali	0	0.405737704918033	0	0.00409836065573771	0.0204918032786885	0.0307377049180328	0	0.297131147540984	0	0	0	0	0	0	0.0307377049180328	0	0	0.0614754098360656	0.0122950819672131	0	0	0	0.055327868852459	0	0	0.0491803278688525	0	0	0	0.0327868852459016	0
IndonesiaFlores	0	0.174840085287846	0.00213219616204691	0.00426439232409382	0.0447761194029851	0.0724946695095949	0.00426439232409382	0.362473347547974	0	0.00213219616204691	0	0	0	0.00213219616204691	0	0	0	0.0810234541577825	0.0149253731343284	0	0.0533049040511727	0.0618336886993603	0.093816631130064	0	0	0.0213219616204691	0	0	0	0.00426439232409382	0
IndonesiaJava	0	0.224137931034483	0	0.0344827586206897	0.0172413793103448	0.224137931034483	0	0.327586206896552	0	0	0	0	0	0	0	0	0	0.120689655172414	0	0	0	0	0.0344827586206897	0	0	0.0172413793103448	0	0	0	0	0
IndonesiaKalimantan	0	0.452513966480447	0	0.00558659217877095	0	0.0726256983240224	0	0.357541899441341	0	0	0.00558659217877095	0	0	0	0	0	0	0.0558659217877095	0.0223463687150838	0	0	0	0.0279329608938547	0	0	0	0	0	0	0	0
IndonesiaLembata	0	0.184782608695652	0	0	0	0.16304347826087	0	0.315217391304348	0	0	0	0	0	0	0	0	0	0.0217391304347826	0	0	0.108695652173913	0.0869565217391304	0.119565217391304	0	0	0	0	0	0	0	0
IndonesiaPapua	0	0	0	0	0	0	0	0.919354838709677	0	0	0	0	0	0	0	0	0	0	0	0	0	0.0483870967741935	0.00806451612903226	0	0	0.0241935483870968	0	0	0	0	0
IndonesiaSulawesi	0	0.245614035087719	0	0.0043859649122807	0.0701754385964912	0.0614035087719298	0	0.43859649122807	0	0	0.0087719298245614	0	0	0	0	0	0	0.0657894736842105	0.0131578947368421	0	0.0043859649122807	0.0219298245614035	0.043859649122807	0	0	0.0043859649122807	0.0043859649122807	0	0	0.0131578947368421	0
IndonesiaSumatra	0	0.229437229437229	0	0	0	0.0173160173160173	0	0.268398268398268	0	0	0	0	0	0	0	0	0	0.116883116883117	0	0	0	0	0.0909090909090909	0	0	0.00432900432900433	0	0	0	0.272727272727273	0
IndonesiaSumba	0	0.242902208201893	0	0.0378548895899054	0.0520504731861199	0.100946372239748	0	0.394321766561514	0	0.00157728706624606	0	0	0	0	0	0	0	0.0741324921135647	0.00315457413249211	0	0.0141955835962145	0.028391167192429	0.0441640378548896	0	0	0.00630914826498423	0	0	0	0	0
IndonesiaTimor	0	0.238754325259516	0	0.00346020761245675	0.0259515570934256	0.188581314878893	0	0.299307958477509	0	0.00865051903114187	0	0	0	0	0	0	0	0.00865051903114187	0.0155709342560554	0	0.0121107266435986	0.15916955017301	0.027681660899654	0	0	0.00346020761245675	0.00173010380622837	0	0	0.0069204152249135	0
Iran	0.00340136054421769	0.139455782312925	0.0136054421768707	0.0136054421768707	0	0.00340136054421769	0	0.435374149659864	0.00340136054421769	0.170068027210884	0.0102040816326531	0	0	0	0	0	0	0.0408163265306122	0.0272108843537415	0	0	0	0.0170068027210884	0	0.0204081632653061	0.0782312925170068	0	0.0238095238095238	0	0	0
Iraq	0	0	0	0	0	0	0	0.258064516129032	0	0.0967741935483871	0.032258064516129	0	0	0.032258064516129	0.032258064516129	0	0	0.032258064516129	0.032258064516129	0	0	0	0.0967741935483871	0	0.129032258064516	0.225806451612903	0	0.032258064516129	0	0	0
Italy	0.00180505415162455	0.00120336943441637	0	0.00240673886883273	0	0.0036101083032491	0.00120336943441637	0.506016847172082	0.00601684717208183	0.075812274368231	0.0637785800240674	0.00240673886883273	0.000601684717208183	0.000601684717208183	0.000601684717208183	0.000601684717208183	0	0.0126353790613718	0.0114320096269555	0	0.00240673886883273	0	0.0342960288808664	0	0.119735258724428	0.134175691937425	0.0126353790613718	0.00541516245487365	0	0	0.000601684717208183
IvoryCoast	0	0	0	0	0.0210526315789474	0	0.00526315789473684	0.426315789473684	0	0	0	0.0263157894736842	0.0894736842105263	0.273684210526316	0.0947368421052632	0	0	0	0	0	0.00526315789473684	0	0.0473684210526316	0	0	0.0105263157894737	0	0	0	0	0
Japan	0.0422077922077922	0.107142857142857	0.012987012987013	0.0649350649350649	0.0227272727272727	0.0584415584415584	0.025974025974026	0.353896103896104	0	0.00649350649350649	0.00324675324675325	0	0	0	0.00649350649350649	0	0	0.149350649350649	0.0454545454545455	0	0.00649350649350649	0	0.038961038961039	0	0.00324675324675325	0.00324675324675325	0.00324675324675325	0	0	0.038961038961039	0.00649350649350649
Jordan	0	0.00709219858156028	0.00709219858156028	0	0	0	0	0.347517730496454	0.00709219858156028	0.156028368794326	0.0709219858156028	0.0141843971631206	0.00709219858156028	0	0.0141843971631206	0.00709219858156028	0	0.0141843971631206	0.0141843971631206	0	0.0141843971631206	0	0.120567375886525	0	0.0921985815602837	0.099290780141844	0.00709219858156028	0	0	0	0
Kazakhstan	0.0740740740740741	0.037037037037037	0.0740740740740741	0.0740740740740741	0	0.0740740740740741	0.0740740740740741	0.259259259259259	0	0.037037037037037	0	0	0	0	0	0	0	0	0.037037037037037	0	0	0	0.037037037037037	0	0.0740740740740741	0.111111111111111	0	0	0	0	0.037037037037037
Kenya	0	0	0	0	0	0	0	0.25	0	0	0	0.25	0.166666666666667	0.0833333333333333	0	0	0	0	0	0	0	0	0.25	0	0	0	0	0	0	0	0
Kuwait	0	0.026246719160105	0	0.0026246719160105	0	0	0	0.301837270341207	0.005249343832021	0.154855643044619	0.0288713910761155	0.010498687664042	0.0026246719160105	0.0341207349081365	0.010498687664042	0.0026246719160105	0.0026246719160105	0.020997375328084	0.062992125984252	0	0.0131233595800525	0	0.149606299212598	0	0.068241469816273	0.0971128608923885	0.0026246719160105	0.0026246719160105	0	0	0
Laos	0.00467289719626168	0.238317757009346	0.0467289719626168	0.0280373831775701	0	0.182242990654206	0	0.214953271028037	0	0	0	0	0	0	0	0	0	0.200934579439252	0.014018691588785	0	0.00467289719626168	0	0.0560747663551402	0	0	0.00934579439252336	0	0	0	0	0
Lebanon	0	0	0	0	0	0	0	0.458333333333333	0	0.0833333333333333	0.0833333333333333	0	0	0	0.0416666666666667	0.0416666666666667	0	0	0	0	0	0	0.166666666666667	0	0.0416666666666667	0.0833333333333333	0	0	0	0	0
Lithuania	0	0	0	0	0	0	0	0.25	0	0	0	0	0	0	0	0	0	0	0	0	0	0	0	0	0	0.75	0	0	0	0	0
Malaysia	0.0169491525423729	0.169491525423729	0.0338983050847458	0.0338983050847458	0.0169491525423729	0	0	0.406779661016949	0	0	0	0	0	0	0	0	0	0.135593220338983	0.0338983050847458	0	0	0	0.152542372881356	0	0	0	0	0	0	0	0
Malta	0	0.0151515151515152	0	0	0	0	0	0.666666666666667	0	0.053030303030303	0.0909090909090909	0.0151515151515152	0	0.106060606060606	0	0.00757575757575758	0	0.00757575757575758	0	0	0	0	0	0	0.0303030303030303	0.00757575757575758	0	0	0	0	0
Mexico	0.409502262443439	0.14027149321267	0.201357466063348	0.0294117647058824	0	0	0	0.214932126696833	0	0	0	0	0	0	0	0	0	0	0	0	0	0	0.00226244343891403	0	0	0.00226244343891403	0	0	0	0	0
Morocco	0	0.005859375	0	0.001953125	0.001953125	0.00390625	0	0.392578125	0	0.0390625	0.03515625	0.001953125	0.05859375	0.064453125	0.0703125	0.001953125	0	0.001953125	0.00390625	0	0.00390625	0	0.05859375	0	0.060546875	0.162109375	0.029296875	0.001953125	0	0	0
Namibia	0	0	0	0	0	0	0	0	0	0	0	0.857142857142857	0	0	0	0.142857142857143	0	0	0	0	0	0	0	0	0	0	0	0	0	0	0
Nepal	0.0408163265306122	0.0122448979591837	0.0122448979591837	0.0775510204081633	0	0.0408163265306122	0	0.322448979591837	0	0.0122448979591837	0	0	0	0	0	0	0	0.142857142857143	0.0163265306122449	0	0.00408163265306122	0	0.0979591836734694	0	0.0163265306122449	0.155102040816327	0	0	0	0	0.0489795918367347
Nigeria	0	0	0.0256410256410256	0	0.0256410256410256	0	0	0.128205128205128	0	0	0	0	0.205128205128205	0.333333333333333	0.256410256410256	0	0	0	0	0	0	0	0.0256410256410256	0	0	0	0	0	0	0	0
Pakistan	0.0204280155642023	0.0155642023346304	0.0262645914396887	0.0262645914396887	0	0.00972762645914397	0.00486381322957198	0.405642023346304	0.00194552529182879	0.0418287937743191	0.0116731517509728	0.00875486381322957	0.00291828793774319	0.00291828793774319	0.00291828793774319	0	0	0.0982490272373541	0.00778210116731518	0	0.00583657587548638	0	0.0875486381322957	0	0.0428015564202335	0.165369649805447	0.000972762645914397	0.00486381322957198	0	0.000972762645914397	0.00389105058365759
PapuaNewGuinea	0	0.167330677290837	0	0	0	0	0	0.147410358565737	0	0	0	0	0	0	0.00796812749003984	0	0	0.0199203187250996	0	0	0.155378486055777	0.462151394422311	0.0358565737051793	0	0	0.00398406374501992	0	0	0	0	0
Peru	0.0909090909090909	0.0606060606060606	0.151515151515152	0.0606060606060606	0	0.0303030303030303	0	0.606060606060606	0	0	0	0	0	0	0	0	0	0	0	0	0	0	0	0	0	0	0	0	0	0	0
Philippines	0	0.344827586206897	0	0.00344827586206897	0.0413793103448276	0.0655172413793104	0	0.3	0	0	0.00344827586206897	0	0	0	0	0	0	0.0896551724137931	0.00689655172413793	0	0.00344827586206897	0	0.0862068965517241	0	0	0.00689655172413793	0	0	0	0.0482758620689655	0
Romania	0.00436046511627907	0.00363372093023256	0.00218023255813953	0.00290697674418605	0	0	0.000726744186046512	0.503633720930233	0.0116279069767442	0.09375	0.0530523255813953	0	0	0.000726744186046512	0.00218023255813953	0	0	0.00944767441860465	0.0239825581395349	0	0.00363372093023256	0	0.0436046511627907	0	0.0879360465116279	0.111918604651163	0.0167151162790698	0.0101744186046512	0.0101744186046512	0.00145348837209302	0.00218023255813953
Russia	0.0362903225806452	0.0524193548387097	0.161290322580645	0.153225806451613	0	0.0201612903225806	0.0201612903225806	0.282258064516129	0.00403225806451613	0.0201612903225806	0.0443548387096774	0	0	0	0	0	0	0.0282258064516129	0.00806451612903226	0	0	0	0.0483870967741935	0	0.0524193548387097	0.0443548387096774	0	0.00403225806451613	0	0.0161290322580645	0.00403225806451613
RussiaChukcheePeninsula	0.616666666666667	0.0166666666666667	0.0666666666666667	0.0666666666666667	0	0	0.0333333333333333	0.05	0	0	0	0	0	0	0	0	0	0.1	0	0	0	0	0.0333333333333333	0	0	0	0.0166666666666667	0	0	0	0
RussiaKamchatka	0.0896551724137931	0	0.393103448275862	0.0620689655172414	0	0	0.0551724137931034	0.23448275862069	0	0	0	0	0	0	0	0	0	0	0	0	0	0	0.0137931034482759	0	0	0	0	0	0	0.0551724137931034	0.096551724137931
RussiaSakhalin	0	0	0	0.087719298245614	0	0.12280701754386	0	0.140350877192982	0	0	0	0	0	0	0	0	0	0	0	0	0	0	0	0	0	0	0	0	0	0.649122807017544	0
RussiaSiberia	0	0	0.32	0.2	0	0.04	0.04	0.2	0	0.04	0	0	0	0	0	0	0	0	0	0	0	0	0.04	0	0.04	0	0	0	0	0	0.08
SaudiArabia	0.00118273211117682	0.00354819633353046	0.000591366055588409	0.00177409816676523	0	0.00118273211117682	0.000591366055588409	0.25665286812537	0.00473092844470727	0.205204021289178	0.0266114725014784	0.0171496156120639	0.00473092844470727	0.0396215257244234	0.0206978119455943	0.00887049083382614	0.00591366055588409	0.0147841513897102	0.0479006505026611	0	0	0	0.185097575399172	0	0.0680070963926671	0.0810171496156121	0	0.00236546422235364	0.000591366055588409	0.00118273211117682	0
Senegal	0	0.0196078431372549	0	0	0.0196078431372549	0	0	0.529411764705882	0	0	0	0	0.137254901960784	0.0784313725490196	0.0980392156862745	0	0	0.0392156862745098	0	0	0	0	0.0784313725490196	0	0	0	0	0	0	0	0
SouthAfrica	0	0	0	0	0	0	0	0.420560747663551	0	0.0467289719626168	0.0560747663551402	0.0654205607476635	0.00934579439252336	0.0186915887850467	0.00934579439252336	0.0186915887850467	0	0	0.00934579439252336	0	0.00934579439252336	0	0.0186915887850467	0	0.0841121495327103	0.214953271028037	0	0.0186915887850467	0	0	0
SouthKorea	0.0601941747572816	0.12621359223301	0.0252427184466019	0.100970873786408	0.00970873786407767	0.058252427184466	0.0271844660194175	0.30873786407767	0	0.00194174757281553	0	0	0	0	0	0.00194174757281553	0	0.100970873786408	0.054368932038835	0	0.0116504854368932	0	0.0504854368932039	0	0	0.00776699029126214	0	0	0	0.0407766990291262	0.0135922330097087
Spain	0	0	0	0	0	0.003584229390681	0	0.487455197132616	0	0.0681003584229391	0.0681003584229391	0	0.014336917562724	0.014336917562724	0.00716845878136201	0	0	0.003584229390681	0.00716845878136201	0	0.010752688172043	0	0.028673835125448	0	0.0752688172043011	0.17921146953405	0.017921146953405	0.014336917562724	0	0	0
SpainPasValley	0	0	0	0	0	0	0	0.524590163934426	0.0163934426229508	0	0.0163934426229508	0	0	0	0	0	0	0.0983606557377049	0	0	0	0	0	0	0.19672131147541	0.114754098360656	0.0327868852459016	0	0	0	0
SriLanka	0.00383141762452107	0.00766283524904215	0	0.0114942528735632	0.0229885057471264	0	0	0.478927203065134	0	0.00383141762452107	0.00766283524904215	0	0	0	0	0	0	0.149425287356322	0	0	0.0153256704980843	0	0.114942528735632	0	0.0191570881226054	0.149425287356322	0.00383141762452107	0.00383141762452107	0	0.00383141762452107	0.00383141762452107
Sudan	0	0	0	0	0	0	0	0.217391304347826	0	0.0652173913043478	0.0217391304347826	0.152173913043478	0.0217391304347826	0.0652173913043478	0.0652173913043478	0	0.0217391304347826	0.108695652173913	0.0217391304347826	0	0	0	0.108695652173913	0	0.0869565217391304	0.0434782608695652	0	0	0	0	0
Syria	0.00934579439252336	0.0186915887850467	0.0186915887850467	0	0.00934579439252336	0.00934579439252336	0	0.448598130841121	0.0186915887850467	0.0560747663551402	0.0467289719626168	0	0	0	0	0.00934579439252336	0	0.0186915887850467	0.0560747663551402	0	0	0	0.0560747663551402	0	0.0654205607476635	0.158878504672897	0	0	0	0	0
Taiwan	0.0133511348464619	0.225634178905207	0.00934579439252336	0.048064085447263	0.041388518024032	0.184245660881175	0.00133511348464619	0.233644859813084	0	0	0.00133511348464619	0	0	0	0	0	0	0.130841121495327	0.0173564753004005	0	0.00267022696929239	0	0.0493991989319092	0	0	0.0333778371161549	0	0	0	0.00267022696929239	0.00534045393858478
Tajikistan	0.0714285714285714	0.0714285714285714	0.0714285714285714	0.142857142857143	0	0	0	0.142857142857143	0	0	0	0	0	0	0	0	0	0	0	0	0	0	0.285714285714286	0	0	0.214285714285714	0	0	0	0	0
Thailand	0.0120967741935484	0.19758064516129	0.0604838709677419	0.0201612903225806	0	0.116935483870968	0	0.225806451612903	0	0	0	0	0	0	0	0	0	0.201612903225806	0.0161290322580645	0	0.00201612903225806	0	0.129032258064516	0	0	0.0120967741935484	0.00604838709677419	0	0	0	0
Tonga	0	0.906976744186046	0	0	0	0	0	0.0465116279069767	0	0	0	0	0	0	0	0	0	0.0465116279069767	0	0	0	0	0	0	0	0	0	0	0	0	0
Tunisia	0	0	0	0	0	0	0.0048780487804878	0.360975609756098	0	0.0487804878048781	0.0292682926829268	0.0536585365853659	0.0439024390243902	0.0341463414634146	0.0487804878048781	0	0	0.0195121951219512	0.00975609756097561	0	0	0	0.0878048780487805	0	0.160975609756098	0.0975609756097561	0	0	0	0	0
Turkey	0	0.0152671755725191	0.0229007633587786	0.0229007633587786	0	0	0.00763358778625954	0.389312977099237	0	0.0763358778625954	0.099236641221374	0	0	0	0	0	0	0.0152671755725191	0.0458015267175573	0	0	0	0.0458015267175573	0	0.129770992366412	0.0916030534351145	0.00763358778625954	0.0305343511450382	0	0	0
Ukraine	0.0217391304347826	0	0.0652173913043478	0	0	0	0	0.369565217391304	0	0	0	0	0	0	0	0	0	0	0.0434782608695652	0	0	0.0434782608695652	0.217391304347826	0	0	0.0869565217391304	0	0.108695652173913	0.0434782608695652	0	0
UnitedKingdom	0	0	0	0	0	0	0	0.485714285714286	0.0285714285714286	0.0571428571428571	0.0857142857142857	0	0	0	0	0	0	0	0	0	0	0	0	0	0.142857142857143	0.171428571428571	0	0.0285714285714286	0	0	0
USASouthwestandBajaCalifornia	0.199575371549894	0.401273885350318	0.29723991507431	0.00636942675159236	0.00212314225053079	0	0	0.0912951167728238	0	0	0	0	0	0	0	0	0	0	0	0	0	0	0.00212314225053079	0	0	0	0	0	0	0	0
Uzbekistan	0.0371951219512195	0.0225609756097561	0.0792682926829268	0.0487804878048781	0.00731707317073171	0.0384146341463415	0.0219512195121951	0.360975609756098	0.00426829268292683	0.0402439024390244	0.0371951219512195	0.00121951219512195	0.00121951219512195	0	0.00304878048780488	0	0	0.025609756097561	0.00914634146341463	0	0.00670731707317073	0	0.0542682926829268	0	0.0560975609756098	0.120731707317073	0.00365853658536585	0.00670731707317073	0.00304878048780488	0.00609756097560976	0.00426829268292683
Venezuela	0.196319018404908	0.0368098159509202	0.0858895705521472	0.122699386503067	0.00613496932515337	0	0	0.343558282208589	0	0	0	0.0122699386503067	0.049079754601227	0.0429447852760736	0.0245398773006135	0	0	0	0	0	0.0184049079754601	0	0.0184049079754601	0	0	0.0122699386503067	0	0	0.0306748466257669	0	0
Yemen	0	0	0	0	0	0	0	0.2	0	0.133333333333333	0.0666666666666667	0.0666666666666667	0	0.0666666666666667	0.133333333333333	0	0.0666666666666667	0	0	0	0	0	0.133333333333333	0	0.133333333333333	0	0	0	0	0	0
